109328.000000
83155.000000
144533.000000
110386.000000
40479.000000
12911.000000
4375.000000
108678.000000
125241.000000
71724.000000
39119.000000
6516.000000
78707.000000
133933.000000
37526.000000
53701.000000
17071.000000
81136.000000
22720.000000
79232.000000
25772.000000
35218.000000
130794.000000
106757.000000
6878.000000
127267.000000
38826.000000
134788.000000
52759.000000
92862.000000
48449.000000
32527.000000
68605.000000
41098.000000
34353.000000
4839.000000
13673.000000
136122.000000
83851.000000
96457.000000
121744.000000
32833.000000
13727.000000
26788.000000
136148.000000
107915.000000
10422.000000
28310.000000
99225.000000
120902.000000
4517.000000
73016.000000
82122.000000
132976.000000
91503.000000
89858.000000
73625.000000
106825.000000
106017.000000
42800.000000
76172.000000
103071.000000
89095.000000
30285.000000
131781.000000
24653.000000
81049.000000
13712.000000
132706.000000
87932.000000
110289.000000
55885.000000
25376.000000
136135.000000
69769.000000
137244.000000
34486.000000
97580.000000
139733.000000
101144.000000
123570.000000
114321.000000
71588.000000
107972.000000
43207.000000
67053.000000
47574.000000
27684.000000
73978.000000
27940.000000
79636.000000
31248.000000
61184.000000
74397.000000
50861.000000
86240.000000
93180.000000
12300.000000
40079.000000
123425.000000
85534.000000
71474.000000
66026.000000
74426.000000
24435.000000
73695.000000
42841.000000
56733.000000
9744.000000
2695.000000
77445.000000
5315.000000
92465.000000
105732.000000
110941.000000
138324.000000
53202.000000
15367.000000
85420.000000
11308.000000
7264.000000
110597.000000
17467.000000
35459.000000
18808.000000
26197.000000
26875.000000
39681.000000
33854.000000
63665.000000
25916.000000
106351.000000
49501.000000
97946.000000
52353.000000
39712.000000
108480.000000
78494.000000
50054.000000
42956.000000
63492.000000
89756.000000
31276.000000
23145.000000
47812.000000
46617.000000
70228.000000
37775.000000
11056.000000
27688.000000
44980.000000
97350.000000
127257.000000
9375.000000
124622.000000
80439.000000
74429.000000
43757.000000
143719.000000
114907.000000
136157.000000
67398.000000
121734.000000
127178.000000
50832.000000
31637.000000
56201.000000
103515.000000
37991.000000
26822.000000
7504.000000
143501.000000
10407.000000
31676.000000
24617.000000
101138.000000
45880.000000
14714.000000
39401.000000
57349.000000
38611.000000
72721.000000
139003.000000
116260.000000
20010.000000
30170.000000
72157.000000
49292.000000
9049.000000
81797.000000
109516.000000
39913.000000
143555.000000
138066.000000
122248.000000
110891.000000
26301.000000
65275.000000
5737.000000
107396.000000
58375.000000
144610.000000
23062.000000
143743.000000
28629.000000
19443.000000
36257.000000
115674.000000
138890.000000
89980.000000
64518.000000
115060.000000
72150.000000
3739.000000
8365.000000
101656.000000
16179.000000
6512.000000
6391.000000
13202.000000
134817.000000
141508.000000
100650.000000
70088.000000
137566.000000
72864.000000
49394.000000
138107.000000
46654.000000
25954.000000
144161.000000
118770.000000
92505.000000
52399.000000
60999.000000
96804.000000
41473.000000
104277.000000
44434.000000
8128.000000
22547.000000
141847.000000
95754.000000
41544.000000
38555.000000
39676.000000
37850.000000
115953.000000
60144.000000
57055.000000
52837.000000
72597.000000
122800.000000
25360.000000
47704.000000
57989.000000
11304.000000
51632.000000
1600.000000
144937.000000
79458.000000
57871.000000
71559.000000
11941.000000
136996.000000
119419.000000
115238.000000
6729.000000
78614.000000
116265.000000
59949.000000
67340.000000
18486.000000
115974.000000
73881.000000
42682.000000
127642.000000
33060.000000
97415.000000
78121.000000
82711.000000
21256.000000
59982.000000
118593.000000
110646.000000
92916.000000
75450.000000
79265.000000
85909.000000
130516.000000
59908.000000
32454.000000
112374.000000
32716.000000
16638.000000
28426.000000
65386.000000
128202.000000
84015.000000
95864.000000
98552.000000
17429.000000
100580.000000
105223.000000
60482.000000
23883.000000
115400.000000
3831.000000
1744.000000
74611.000000
14275.000000
62300.000000
126461.000000
41631.000000
94451.000000
39951.000000
95032.000000
45382.000000
13221.000000
130143.000000
98876.000000
124432.000000
73164.000000
93434.000000
11236.000000
67192.000000
112091.000000
128376.000000
16368.000000
105844.000000
43522.000000
116435.000000
35021.000000
40033.000000
114848.000000
104729.000000
53018.000000
45056.000000
130406.000000
92530.000000
127794.000000
88152.000000
132411.000000
2070.000000
13265.000000
19537.000000
70709.000000
104313.000000
33978.000000
76277.000000
71038.000000
67230.000000
46039.000000
59868.000000
125307.000000
117477.000000
125990.000000
87598.000000
37634.000000
8082.000000
128284.000000
47998.000000
57071.000000
15578.000000
33163.000000
33648.000000
71833.000000
7677.000000
106712.000000
18075.000000
143074.000000
16369.000000
77116.000000
90666.000000
50785.000000
34270.000000
1191.000000
137897.000000
103199.000000
12738.000000
99263.000000
41608.000000
34279.000000
117523.000000
108211.000000
41417.000000
88827.000000
107657.000000
137484.000000
80858.000000
50292.000000
60357.000000
64580.000000
91879.000000
129760.000000
138913.000000
139559.000000
93436.000000
20297.000000
33322.000000
137402.000000
66256.000000
122812.000000
55303.000000
84972.000000
101303.000000
141129.000000
123140.000000
129896.000000
98125.000000
19371.000000
140349.000000
27904.000000
18578.000000
23795.000000
78148.000000
56460.000000
66251.000000
135783.000000
136252.000000
30284.000000
82988.000000
68465.000000
136382.000000
31847.000000
106029.000000
21395.000000
95964.000000
47458.000000
51757.000000
34691.000000
104598.000000
124625.000000
56511.000000
101455.000000
82561.000000
125003.000000
106662.000000
46060.000000
61782.000000
25947.000000
46598.000000
129191.000000
122475.000000
128071.000000
138300.000000
55676.000000
31533.000000
30420.000000
112366.000000
31618.000000
40764.000000
255.000000
33865.000000
114585.000000
94519.000000
37931.000000
98528.000000
124790.000000
32954.000000
498.000000
10302.000000
1420.000000
87999.000000
2653.000000
70172.000000
30536.000000
5846.000000
137029.000000
136635.000000
113913.000000
80811.000000
29252.000000
114166.000000
83936.000000
124486.000000
110087.000000
137684.000000
29413.000000
144172.000000
79429.000000
4403.000000
140306.000000
58350.000000
41665.000000
82924.000000
52714.000000
41063.000000
35414.000000
917.000000
32630.000000
62610.000000
142702.000000
67388.000000
117254.000000
114308.000000
52954.000000
80404.000000
118477.000000
60294.000000
73765.000000
704.000000
97104.000000
71022.000000
55337.000000
78253.000000
49649.000000
43766.000000
124697.000000
133153.000000
117534.000000
32254.000000
36736.000000
16065.000000
41763.000000
4121.000000
84981.000000
57926.000000
109694.000000
58020.000000
67904.000000
119703.000000
114228.000000
83958.000000
53187.000000
128192.000000
134322.000000
87192.000000
87947.000000
57440.000000
79564.000000
8735.000000
69755.000000
83043.000000
47000.000000
22.000000
49499.000000
22388.000000
143420.000000
32968.000000
45086.000000
66853.000000
109429.000000
99660.000000
118916.000000
64405.000000
68923.000000
9560.000000
84116.000000
14314.000000
135467.000000
117493.000000
100893.000000
105394.000000
69008.000000
105670.000000
85728.000000
19934.000000
24016.000000
26203.000000
83346.000000
30861.000000
74060.000000
26377.000000
125378.000000
106199.000000
1243.000000
143287.000000
97936.000000
12478.000000
136916.000000
104339.000000
144008.000000
2657.000000
51542.000000
81867.000000
75465.000000
84797.000000
74368.000000
19158.000000
122598.000000
94985.000000
48797.000000
130769.000000
81802.000000
75385.000000
15016.000000
14853.000000
86835.000000
73965.000000
98633.000000
123381.000000
41506.000000
41766.000000
67377.000000
39972.000000
71634.000000
123326.000000
102343.000000
66517.000000
133123.000000
13436.000000
140225.000000
27401.000000
73657.000000
23127.000000
85151.000000
144388.000000
41226.000000
106766.000000
125700.000000
107984.000000
81371.000000
52145.000000
38892.000000
3745.000000
45781.000000
81979.000000
113545.000000
111668.000000
53825.000000
90624.000000
44009.000000
59389.000000
117140.000000
33784.000000
50058.000000
18545.000000
77240.000000
114850.000000
26222.000000
57630.000000
143825.000000
19264.000000
63564.000000
75542.000000
92610.000000
41739.000000
125393.000000
133640.000000
110794.000000
119350.000000
62986.000000
51999.000000
95041.000000
86813.000000
140005.000000
53014.000000
90696.000000
18036.000000
34998.000000
91706.000000
118481.000000
105272.000000
74075.000000
129336.000000
55753.000000
126994.000000
3266.000000
39134.000000
4027.000000
119522.000000
46061.000000
116527.000000
124603.000000
56743.000000
37897.000000
138226.000000
11283.000000
102257.000000
65891.000000
99142.000000
55390.000000
131185.000000
113820.000000
112400.000000
50009.000000
118473.000000
63648.000000
128859.000000
18455.000000
95963.000000
68009.000000
13134.000000
49688.000000
121404.000000
6446.000000
72752.000000
138434.000000
46970.000000
106417.000000
2147.000000
19736.000000
51891.000000
127378.000000
28721.000000
106724.000000
89336.000000
52460.000000
100718.000000
64054.000000
136163.000000
9130.000000
124862.000000
6903.000000
36361.000000
24531.000000
145166.000000
12952.000000
15422.000000
118858.000000
85223.000000
18145.000000
123362.000000
15834.000000
76675.000000
23946.000000
80819.000000
93461.000000
48607.000000
142552.000000
84331.000000
45309.000000
105917.000000
86560.000000
145088.000000
139900.000000
51753.000000
33114.000000
46448.000000
18091.000000
99878.000000
7375.000000
98429.000000
37494.000000
88702.000000
137489.000000
39382.000000
34382.000000
19007.000000
100251.000000
31460.000000
87688.000000
137424.000000
65427.000000
58380.000000
51763.000000
58468.000000
22624.000000
75411.000000
33102.000000
20021.000000
131793.000000
101250.000000
59646.000000
110630.000000
21658.000000
39302.000000
1299.000000
86915.000000
1218.000000
23295.000000
131305.000000
30434.000000
13704.000000
13392.000000
1171.000000
132191.000000
138533.000000
78830.000000
118248.000000
142027.000000
82211.000000
95601.000000
7780.000000
21195.000000
34747.000000
62695.000000
127845.000000
125582.000000
71781.000000
88277.000000
4864.000000
45702.000000
20891.000000
118419.000000
112469.000000
44343.000000
16564.000000
70754.000000
31821.000000
139995.000000
36054.000000
97471.000000
30198.000000
117402.000000
130908.000000
115765.000000
137898.000000
65793.000000
31093.000000
80958.000000
4876.000000
94029.000000
24731.000000
102928.000000
25463.000000
83129.000000
120612.000000
115808.000000
96551.000000
34880.000000
54812.000000
53903.000000
106307.000000
82655.000000
55183.000000
103776.000000
8028.000000
134840.000000
19373.000000
40668.000000
84651.000000
109053.000000
46314.000000
54500.000000
71999.000000
107546.000000
24573.000000
126073.000000
53366.000000
91158.000000
53162.000000
76057.000000
122098.000000
101096.000000
43220.000000
99140.000000
143727.000000
128189.000000
121321.000000
24650.000000
135762.000000
44436.000000
56195.000000
122805.000000
17539.000000
70339.000000
29099.000000
76615.000000
95643.000000
120116.000000
70180.000000
110877.000000
92512.000000
58671.000000
72128.000000
103863.000000
23648.000000
125622.000000
48972.000000
130327.000000
73337.000000
143918.000000
78859.000000
1128.000000
94028.000000
36534.000000
110409.000000
83538.000000
123703.000000
50025.000000
18531.000000
38745.000000
77920.000000
105129.000000
125656.000000
4506.000000
33868.000000
123976.000000
18740.000000
43724.000000
105069.000000
109500.000000
94754.000000
144121.000000
122024.000000
75082.000000
38730.000000
108406.000000
30737.000000
55172.000000
110724.000000
87511.000000
2813.000000
117581.000000
29229.000000
87679.000000
114677.000000
81254.000000
123004.000000
27495.000000
10236.000000
144850.000000
63012.000000
15882.000000
129767.000000
38356.000000
18022.000000
976.000000
2900.000000
82524.000000
83900.000000
85700.000000
88228.000000
138692.000000
46919.000000
87467.000000
119975.000000
142317.000000
115557.000000
111895.000000
122974.000000
41951.000000
120993.000000
132316.000000
50531.000000
73618.000000
80435.000000
69872.000000
103141.000000
36047.000000
26667.000000
2528.000000
73927.000000
29465.000000
79063.000000
11218.000000
48644.000000
79291.000000
83003.000000
35689.000000
68290.000000
26389.000000
104261.000000
44924.000000
16232.000000
112818.000000
16020.000000
109434.000000
66371.000000
124085.000000
103102.000000
83866.000000
12694.000000
111513.000000
103251.000000
139382.000000
136392.000000
111983.000000
57668.000000
117224.000000
86525.000000
99876.000000
78811.000000
111903.000000
63748.000000
47022.000000
42464.000000
46556.000000
99820.000000
139551.000000
17797.000000
141888.000000
27564.000000
29659.000000
10832.000000
19296.000000
11504.000000
2151.000000
113172.000000
100380.000000
54401.000000
21216.000000
2932.000000
77571.000000
448.000000
116334.000000
79849.000000
114364.000000
130208.000000
133035.000000
104195.000000
71745.000000
48119.000000
18216.000000
110816.000000
7233.000000
88305.000000
87028.000000
5580.000000
92420.000000
59444.000000
93040.000000
80596.000000
112854.000000
83487.000000
33751.000000
135971.000000
8299.000000
122754.000000
90041.000000
31112.000000
53609.000000
49174.000000
141712.000000
69045.000000
38689.000000
84938.000000
12097.000000
97442.000000
6240.000000
104550.000000
74128.000000
14219.000000
45055.000000
106014.000000
106071.000000
32874.000000
63068.000000
12166.000000
76500.000000
99317.000000
4493.000000
2426.000000
56425.000000
54641.000000
2848.000000
50079.000000
98414.000000
48809.000000
14705.000000
34848.000000
65164.000000
71029.000000
77959.000000
14949.000000
140419.000000
106778.000000
16352.000000
129516.000000
2024.000000
23629.000000
107956.000000
129475.000000
19120.000000
36284.000000
67298.000000
37755.000000
78263.000000
137406.000000
90661.000000
116284.000000
23673.000000
77579.000000
110387.000000
98946.000000
50572.000000
34402.000000
19328.000000
52292.000000
75768.000000
134229.000000
102429.000000
131737.000000
134505.000000
74030.000000
14354.000000
90729.000000
130584.000000
104000.000000
35077.000000
117594.000000
108876.000000
82727.000000
11230.000000
76661.000000
28926.000000
81600.000000
58979.000000
55189.000000
56130.000000
80106.000000
76038.000000
77574.000000
11273.000000
81076.000000
69938.000000
103386.000000
73090.000000
52254.000000
49829.000000
30590.000000
61118.000000
37185.000000
17703.000000
79902.000000
111973.000000
32961.000000
62693.000000
98240.000000
134299.000000
123293.000000
118990.000000
70392.000000
91739.000000
108207.000000
32900.000000
69704.000000
97248.000000
144732.000000
61895.000000
112953.000000
4607.000000
121048.000000
65100.000000
51260.000000
130108.000000
35601.000000
140391.000000
88570.000000
86337.000000
54723.000000
136407.000000
331.000000
113253.000000
5900.000000
69909.000000
82778.000000
116242.000000
129789.000000
131714.000000
25960.000000
40555.000000
79582.000000
7105.000000
2403.000000
24713.000000
140129.000000
29788.000000
127890.000000
125758.000000
69229.000000
18234.000000
61209.000000
43609.000000
96889.000000
139856.000000
133970.000000
107794.000000
134763.000000
54393.000000
52900.000000
22148.000000
51497.000000
38853.000000
133085.000000
16882.000000
107786.000000
66887.000000
131326.000000
5989.000000
29358.000000
101036.000000
54998.000000
100132.000000
102006.000000
43092.000000
49384.000000
39735.000000
13145.000000
9107.000000
138488.000000
115600.000000
47389.000000
75756.000000
134613.000000
30837.000000
74606.000000
108553.000000
90606.000000
105936.000000
13019.000000
38297.000000
80103.000000
109054.000000
103810.000000
82932.000000
51026.000000
130004.000000
1188.000000
75767.000000
72697.000000
104408.000000
57239.000000
46817.000000
124423.000000
72957.000000
120977.000000
111166.000000
114008.000000
47611.000000
82999.000000
71861.000000
51896.000000
51577.000000
41767.000000
114876.000000
21613.000000
100861.000000
133497.000000
29007.000000
5723.000000
97702.000000
113533.000000
119162.000000
13593.000000
2828.000000
57996.000000
111327.000000
90319.000000
115572.000000
55267.000000
25950.000000
145031.000000
41497.000000
82945.000000
52805.000000
85057.000000
142116.000000
101636.000000
124252.000000
49995.000000
60707.000000
88674.000000
114414.000000
129730.000000
91325.000000
72579.000000
107314.000000
61329.000000
110235.000000
766.000000
145009.000000
112319.000000
2775.000000
118407.000000
52499.000000
34034.000000
34271.000000
130541.000000
109265.000000
9853.000000
6489.000000
121780.000000
96957.000000
135330.000000
116654.000000
59014.000000
74551.000000
122427.000000
4717.000000
132615.000000
92566.000000
23258.000000
116324.000000
47820.000000
124916.000000
101299.000000
46166.000000
76697.000000
97319.000000
106065.000000
75084.000000
43693.000000
117665.000000
45043.000000
9088.000000
119767.000000
120530.000000
85085.000000
11231.000000
13578.000000
113079.000000
5746.000000
14452.000000
101668.000000
36666.000000
37132.000000
52267.000000
91680.000000
31995.000000
57344.000000
134057.000000
3905.000000
112799.000000
61756.000000
93029.000000
80705.000000
29479.000000
31634.000000
13538.000000
16546.000000
43599.000000
15245.000000
60499.000000
90769.000000
131563.000000
69388.000000
96024.000000
36366.000000
91731.000000
119157.000000
27079.000000
101686.000000
80143.000000
142447.000000
20604.000000
97772.000000
70213.000000
74610.000000
62341.000000
84733.000000
33900.000000
27204.000000
33541.000000
134380.000000
49639.000000
6150.000000
25415.000000
100510.000000
27382.000000
104112.000000
143538.000000
118449.000000
134186.000000
129.000000
51270.000000
43243.000000
58181.000000
101050.000000
103396.000000
30916.000000
116758.000000
25625.000000
16032.000000
106550.000000
133618.000000
129696.000000
138084.000000
121821.000000
88918.000000
3516.000000
29299.000000
90899.000000
116434.000000
131491.000000
69339.000000
72674.000000
105066.000000
40501.000000
131844.000000
144098.000000
78157.000000
127766.000000
55503.000000
5261.000000
53748.000000
43671.000000
2692.000000
55537.000000
84338.000000
37532.000000
59932.000000
142357.000000
43133.000000
110480.000000
57144.000000
69818.000000
80851.000000
127229.000000
76254.000000
109649.000000
24896.000000
6429.000000
54616.000000
9610.000000
110539.000000
37961.000000
90563.000000
84447.000000
140701.000000
63123.000000
28473.000000
60977.000000
67334.000000
120463.000000
140819.000000
42489.000000
98705.000000
42842.000000
86294.000000
134134.000000
79497.000000
117361.000000
85283.000000
97300.000000
98487.000000
117039.000000
77294.000000
83603.000000
110923.000000
115857.000000
103243.000000
93220.000000
48719.000000
55897.000000
117489.000000
49198.000000
47828.000000
54617.000000
60719.000000
133017.000000
96042.000000
6415.000000
52870.000000
109131.000000
95389.000000
53403.000000
84580.000000
69535.000000
50683.000000
22042.000000
77393.000000
48135.000000
99376.000000
121113.000000
104917.000000
43566.000000
95090.000000
66836.000000
41688.000000
77043.000000
73548.000000
138425.000000
12627.000000
38595.000000
130526.000000
65079.000000
39470.000000
80397.000000
41620.000000
22179.000000
48987.000000
119328.000000
55177.000000
142300.000000
5642.000000
115677.000000
141404.000000
131575.000000
4632.000000
41080.000000
87073.000000
65779.000000
58797.000000
322.000000
98257.000000
89843.000000
19779.000000
75891.000000
42487.000000
108290.000000
30728.000000
14041.000000
137746.000000
95254.000000
8087.000000
145185.000000
137659.000000
36566.000000
129860.000000
58205.000000
125321.000000
105374.000000
11722.000000
122468.000000
99605.000000
134104.000000
79407.000000
73430.000000
120335.000000
62465.000000
132795.000000
38849.000000
14726.000000
44468.000000
17835.000000
46785.000000
71468.000000
25035.000000
116680.000000
127865.000000
86710.000000
3670.000000
40630.000000
119435.000000
116369.000000
4883.000000
53755.000000
133203.000000
92831.000000
63392.000000
139464.000000
14043.000000
117946.000000
101001.000000
61323.000000
95311.000000
46419.000000
113953.000000
131986.000000
54718.000000
88783.000000
134636.000000
30557.000000
51947.000000
92644.000000
136218.000000
106720.000000
20464.000000
83272.000000
59403.000000
66688.000000
70312.000000
42965.000000
6614.000000
23904.000000
3884.000000
46716.000000
47691.000000
111414.000000
114649.000000
34625.000000
27962.000000
83788.000000
61548.000000
105854.000000
16715.000000
129811.000000
32161.000000
36778.000000
124926.000000
83987.000000
68216.000000
9264.000000
99941.000000
39148.000000
108328.000000
140487.000000
18160.000000
60266.000000
3228.000000
63759.000000
136423.000000
134806.000000
42510.000000
131427.000000
116422.000000
66680.000000
8462.000000
2921.000000
143106.000000
104644.000000
6413.000000
24791.000000
76945.000000
89053.000000
108240.000000
105912.000000
46299.000000
131025.000000
26598.000000
95209.000000
4899.000000
39568.000000
109996.000000
60664.000000
144071.000000
96132.000000
85959.000000
123699.000000
96492.000000
61337.000000
2650.000000
105753.000000
1621.000000
95750.000000
11975.000000
63427.000000
137218.000000
137323.000000
22238.000000
119879.000000
58786.000000
125563.000000
84959.000000
132516.000000
79200.000000
70301.000000
72108.000000
93246.000000
47769.000000
117067.000000
38741.000000
42671.000000
135813.000000
6514.000000
103932.000000
63979.000000
85265.000000
134820.000000
71173.000000
76069.000000
73671.000000
136604.000000
81529.000000
32841.000000
16309.000000
37657.000000
46056.000000
4528.000000
20705.000000
34229.000000
20404.000000
140731.000000
144587.000000
40030.000000
91330.000000
10487.000000
2061.000000
73820.000000
128590.000000
19584.000000
142542.000000
143739.000000
120093.000000
106153.000000
25586.000000
92304.000000
36312.000000
37695.000000
128112.000000
95950.000000
106452.000000
141005.000000
40816.000000
135812.000000
59154.000000
106799.000000
62455.000000
76147.000000
71265.000000
103026.000000
67226.000000
140473.000000
26490.000000
129233.000000
88546.000000
3803.000000
4758.000000
140313.000000
94229.000000
76620.000000
29288.000000
22590.000000
81204.000000
110743.000000
73543.000000
6814.000000
78976.000000
99459.000000
34233.000000
51727.000000
88490.000000
45299.000000
24065.000000
119519.000000
119411.000000
5126.000000
80409.000000
118368.000000
1785.000000
44058.000000
88255.000000
112039.000000
37113.000000
9651.000000
56449.000000
63572.000000
58955.000000
18821.000000
81273.000000
19949.000000
56731.000000
14049.000000
42814.000000
11716.000000
145100.000000
17975.000000
16475.000000
30651.000000
119008.000000
61644.000000
51381.000000
110936.000000
73324.000000
54775.000000
95588.000000
29279.000000
33718.000000
142303.000000
136544.000000
68443.000000
66467.000000
4370.000000
28329.000000
53265.000000
75996.000000
48338.000000
89187.000000
57933.000000
120625.000000
42129.000000
109577.000000
76173.000000
94195.000000
70587.000000
117300.000000
83184.000000
140757.000000
49863.000000
143758.000000
88460.000000
35635.000000
4971.000000
144280.000000
109431.000000
47701.000000
60253.000000
38071.000000
142724.000000
83480.000000
111597.000000
6006.000000
111977.000000
36233.000000
93229.000000
135528.000000
53848.000000
79393.000000
106293.000000
106136.000000
77161.000000
94897.000000
56821.000000
41787.000000
74031.000000
72441.000000
98334.000000
75732.000000
7542.000000
13777.000000
37608.000000
24159.000000
98504.000000
29629.000000
132467.000000
81526.000000
79732.000000
96622.000000
13277.000000
122772.000000
31467.000000
15769.000000
14397.000000
141823.000000
24268.000000
2435.000000
124273.000000
120899.000000
31859.000000
69090.000000
56514.000000
143890.000000
75091.000000
27128.000000
54164.000000
67271.000000
45370.000000
87865.000000
110789.000000
124973.000000
49283.000000
25010.000000
94114.000000
114420.000000
61812.000000
29878.000000
14112.000000
20430.000000
63338.000000
62630.000000
40615.000000
96913.000000
112174.000000
57661.000000
32121.000000
47589.000000
13916.000000
106761.000000
56289.000000
33245.000000
61363.000000
66604.000000
140589.000000
28354.000000
64463.000000
51301.000000
29221.000000
54573.000000
107384.000000
21379.000000
40947.000000
139884.000000
103851.000000
38260.000000
52616.000000
46466.000000
64500.000000
57333.000000
107423.000000
124600.000000
134610.000000
41211.000000
101568.000000
100453.000000
84911.000000
108162.000000
94064.000000
5495.000000
57013.000000
94481.000000
7535.000000
17550.000000
93261.000000
90883.000000
102772.000000
143767.000000
44354.000000
21372.000000
3469.000000
53976.000000
83211.000000
61360.000000
80505.000000
2251.000000
34117.000000
141635.000000
40757.000000
131569.000000
122806.000000
97972.000000
22395.000000
145130.000000
69671.000000
52140.000000
112703.000000
84011.000000
114783.000000
88817.000000
102965.000000
81335.000000
86087.000000
7707.000000
42192.000000
72407.000000
58105.000000
54860.000000
129041.000000
95393.000000
122097.000000
5233.000000
59616.000000
18635.000000
112007.000000
35891.000000
8050.000000
119014.000000
71077.000000
96181.000000
95156.000000
24924.000000
121325.000000
114579.000000
24273.000000
46249.000000
34350.000000
128251.000000
121276.000000
56525.000000
120567.000000
44961.000000
121266.000000
65808.000000
122886.000000
96513.000000
52095.000000
137987.000000
88451.000000
109699.000000
144538.000000
124014.000000
140268.000000
128936.000000
101730.000000
639.000000
24229.000000
49447.000000
132612.000000
66404.000000
140240.000000
38382.000000
29105.000000
10981.000000
111278.000000
10129.000000
103960.000000
120450.000000
117550.000000
46509.000000
22169.000000
88426.000000
55772.000000
35912.000000
38191.000000
114562.000000
120954.000000
26025.000000
117947.000000
66843.000000
65195.000000
79251.000000
99771.000000
66039.000000
46918.000000
98760.000000
144208.000000
94797.000000
21975.000000
57831.000000
77883.000000
139198.000000
3882.000000
136983.000000
55134.000000
125100.000000
56155.000000
50675.000000
131268.000000
76530.000000
93682.000000
40114.000000
104475.000000
7371.000000
17658.000000
129203.000000
18999.000000
40243.000000
10718.000000
42446.000000
5863.000000
11786.000000
140392.000000
25170.000000
23755.000000
143367.000000
59089.000000
8074.000000
85568.000000
32818.000000
113657.000000
120246.000000
62281.000000
38451.000000
68615.000000
87318.000000
140669.000000
20557.000000
102273.000000
124866.000000
135151.000000
4733.000000
17338.000000
13823.000000
107200.000000
106663.000000
31345.000000
134450.000000
40010.000000
14207.000000
141753.000000
99778.000000
88227.000000
9804.000000
121072.000000
50803.000000
58886.000000
66768.000000
137756.000000
90366.000000
131395.000000
56827.000000
76743.000000
53106.000000
90462.000000
94924.000000
44888.000000
80675.000000
32870.000000
144989.000000
34862.000000
101912.000000
119809.000000
58458.000000
28875.000000
75122.000000
131048.000000
34533.000000
22790.000000
125504.000000
58145.000000
83548.000000
21749.000000
111746.000000
65144.000000
114780.000000
91266.000000
55628.000000
106427.000000
21494.000000
20691.000000
116319.000000
131857.000000
90276.000000
121538.000000
96592.000000
9312.000000
67457.000000
30866.000000
75470.000000
124276.000000
86063.000000
132533.000000
73899.000000
85738.000000
3068.000000
30629.000000
96587.000000
5959.000000
71253.000000
131232.000000
53552.000000
28254.000000
59752.000000
68325.000000
9737.000000
17533.000000
106934.000000
102350.000000
111589.000000
71010.000000
10258.000000
64349.000000
67641.000000
98423.000000
118939.000000
61834.000000
135049.000000
14590.000000
8345.000000
13467.000000
104125.000000
35931.000000
12761.000000
88617.000000
77119.000000
15541.000000
109657.000000
9143.000000
18384.000000
24534.000000
144146.000000
64776.000000
62118.000000
29779.000000
91935.000000
19687.000000
73224.000000
55099.000000
39898.000000
5414.000000
29918.000000
60044.000000
88142.000000
68688.000000
78067.000000
125484.000000
28216.000000
16697.000000
67000.000000
97059.000000
130224.000000
16013.000000
98242.000000
29948.000000
121767.000000
121174.000000
15838.000000
55917.000000
99174.000000
29251.000000
37337.000000
4902.000000
38529.000000
127445.000000
104207.000000
69241.000000
40491.000000
115990.000000
123183.000000
72019.000000
18144.000000
44615.000000
119840.000000
65969.000000
6885.000000
125175.000000
21931.000000
115555.000000
78540.000000
127477.000000
15358.000000
137689.000000
18112.000000
58513.000000
18746.000000
141108.000000
6330.000000
88891.000000
14948.000000
33932.000000
134728.000000
52676.000000
61537.000000
67115.000000
110522.000000
51182.000000
118509.000000
63382.000000
80009.000000
133271.000000
134001.000000
85160.000000
74283.000000
65328.000000
1403.000000
48593.000000
63529.000000
117192.000000
94212.000000
26400.000000
99018.000000
29165.000000
141206.000000
65691.000000
121014.000000
30495.000000
36776.000000
61900.000000
122338.000000
104022.000000
17728.000000
58913.000000
43351.000000
114794.000000
136767.000000
124993.000000
105510.000000
32074.000000
95818.000000
36867.000000
45006.000000
130044.000000
15716.000000
42890.000000
116936.000000
98261.000000
35120.000000
35810.000000
130631.000000
92507.000000
52495.000000
31165.000000
21903.000000
141258.000000
125685.000000
62970.000000
134762.000000
17123.000000
16367.000000
135209.000000
128008.000000
73749.000000
30036.000000
112648.000000
103733.000000
37723.000000
88278.000000
69975.000000
10994.000000
104886.000000
90779.000000
20799.000000
32687.000000
49201.000000
133574.000000
63456.000000
91802.000000
21301.000000
118395.000000
94320.000000
134697.000000
73534.000000
75965.000000
3498.000000
114878.000000
129814.000000
139623.000000
141071.000000
47597.000000
109000.000000
80416.000000
42592.000000
110370.000000
50119.000000
15172.000000
129962.000000
10021.000000
66337.000000
108172.000000
17825.000000
135239.000000
15260.000000
120462.000000
86537.000000
32355.000000
3520.000000
27763.000000
137027.000000
11537.000000
81314.000000
130190.000000
46107.000000
82684.000000
131498.000000
72362.000000
89624.000000
127746.000000
23002.000000
29175.000000
10111.000000
93078.000000
122878.000000
114537.000000
42975.000000
38859.000000
30568.000000
15273.000000
73231.000000
101334.000000
74313.000000
70795.000000
105806.000000
81444.000000
47120.000000
32069.000000
1968.000000
138877.000000
56536.000000
28102.000000
29110.000000
52932.000000
35230.000000
119274.000000
57313.000000
123010.000000
1716.000000
103124.000000
43632.000000
107476.000000
131974.000000
131924.000000
29688.000000
84509.000000
123104.000000
124176.000000
90968.000000
95919.000000
78695.000000
4790.000000
79032.000000
33951.000000
67771.000000
122954.000000
47068.000000
26768.000000
120709.000000
26630.000000
103443.000000
21822.000000
26402.000000
85884.000000
53587.000000
40270.000000
142798.000000
46475.000000
8680.000000
25905.000000
87846.000000
2718.000000
69597.000000
2533.000000
132400.000000
28012.000000
52963.000000
132285.000000
64357.000000
119682.000000
93382.000000
12955.000000
65932.000000
27674.000000
70119.000000
30026.000000
123612.000000
123007.000000
32466.000000
104638.000000
68161.000000
38275.000000
100827.000000
15419.000000
32490.000000
79947.000000
93108.000000
18425.000000
66606.000000
59688.000000
19614.000000
6335.000000
37536.000000
127474.000000
13448.000000
24207.000000
22288.000000
7373.000000
97271.000000
139125.000000
98796.000000
21224.000000
93869.000000
1721.000000
58265.000000
8684.000000
32493.000000
89442.000000
55075.000000
143384.000000
7395.000000
109734.000000
89110.000000
70987.000000
127807.000000
70062.000000
17955.000000
49206.000000
22703.000000
89949.000000
116939.000000
69291.000000
115469.000000
108327.000000
23936.000000
102654.000000
34886.000000
119038.000000
89288.000000
131223.000000
69942.000000
3356.000000
139109.000000
102529.000000
74021.000000
48804.000000
79657.000000
142312.000000
7445.000000
87842.000000
143802.000000
45639.000000
33598.000000
6183.000000
6907.000000
141959.000000
121557.000000
40083.000000
112969.000000
79898.000000
64567.000000
109959.000000
2908.000000
16748.000000
77076.000000
18749.000000
95531.000000
125269.000000
37715.000000
94843.000000
117784.000000
33202.000000
139200.000000
2132.000000
136277.000000
7550.000000
127647.000000
32046.000000
18692.000000
56960.000000
46829.000000
1224.000000
57663.000000
30004.000000
20150.000000
31216.000000
120651.000000
33387.000000
140068.000000
111581.000000
128849.000000
118553.000000
70110.000000
3981.000000
19945.000000
58483.000000
87562.000000
102622.000000
108466.000000
91751.000000
121735.000000
59322.000000
91422.000000
124434.000000
75709.000000
38449.000000
19569.000000
108760.000000
111061.000000
129084.000000
77529.000000
12007.000000
46316.000000
136167.000000
1327.000000
20041.000000
119040.000000
80642.000000
125652.000000
122106.000000
89428.000000
10200.000000
92820.000000
52235.000000
55961.000000
54155.000000
36756.000000
28868.000000
38348.000000
39436.000000
71698.000000
125388.000000
141084.000000
47014.000000
133595.000000
48935.000000
44831.000000
34649.000000
11233.000000
91582.000000
127187.000000
145305.000000
1156.000000
15622.000000
113298.000000
93126.000000
49714.000000
21794.000000
70174.000000
115251.000000
142208.000000
87151.000000
129878.000000
110080.000000
33339.000000
72834.000000
98216.000000
87816.000000
13782.000000
43518.000000
72085.000000
21487.000000
32768.000000
44690.000000
133499.000000
103203.000000
27361.000000
66529.000000
42469.000000
73474.000000
90066.000000
95049.000000
80712.000000
6617.000000
66787.000000
106617.000000
32370.000000
53196.000000
73567.000000
123792.000000
145271.000000
30060.000000
128846.000000
104849.000000
87346.000000
90797.000000
131778.000000
19805.000000
1414.000000
14573.000000
81586.000000
43455.000000
2704.000000
108503.000000
126404.000000
112654.000000
99662.000000
108893.000000
118333.000000
60538.000000
48591.000000
89307.000000
92893.000000
108629.000000
131428.000000
34357.000000
89619.000000
46659.000000
92800.000000
140198.000000
41312.000000
123103.000000
141780.000000
23772.000000
78493.000000
99914.000000
103202.000000
126441.000000
125121.000000
103460.000000
12841.000000
24353.000000
39453.000000
91950.000000
29263.000000
116876.000000
101733.000000
15499.000000
13051.000000
107878.000000
5232.000000
50053.000000
9900.000000
105422.000000
11324.000000
102558.000000
114455.000000
19723.000000
121813.000000
105405.000000
34081.000000
85386.000000
123238.000000
6055.000000
76792.000000
38277.000000
19887.000000
75291.000000
67659.000000
107762.000000
15026.000000
89771.000000
15150.000000
35631.000000
125496.000000
84606.000000
103474.000000
48159.000000
117604.000000
17688.000000
35615.000000
15277.000000
21165.000000
68468.000000
95596.000000
59106.000000
13165.000000
105707.000000
125943.000000
26357.000000
13973.000000
133842.000000
122490.000000
49403.000000
84021.000000
133524.000000
135042.000000
66515.000000
102841.000000
12698.000000
41086.000000
103570.000000
109844.000000
140877.000000
83551.000000
101718.000000
8105.000000
125185.000000
18015.000000
93954.000000
6518.000000
119922.000000
49253.000000
52875.000000
5082.000000
113299.000000
22428.000000
13922.000000
88545.000000
95542.000000
90780.000000
101647.000000
119578.000000
116672.000000
138368.000000
55163.000000
43596.000000
48177.000000
46311.000000
90396.000000
72908.000000
46410.000000
84875.000000
25729.000000
136607.000000
135275.000000
27512.000000
28991.000000
102062.000000
134137.000000
127509.000000
63818.000000
13871.000000
46046.000000
68236.000000
12133.000000
50932.000000
36749.000000
30733.000000
46927.000000
75905.000000
3852.000000
67228.000000
5467.000000
6025.000000
67748.000000
48824.000000
8106.000000
144410.000000
127905.000000
92108.000000
126554.000000
62334.000000
90279.000000
40784.000000
86022.000000
56160.000000
3615.000000
118309.000000
18045.000000
17600.000000
105326.000000
82368.000000
127213.000000
122951.000000
125662.000000
87024.000000
37792.000000
12826.000000
83883.000000
81727.000000
73005.000000
60059.000000
125058.000000
2204.000000
113419.000000
15017.000000
122628.000000
56689.000000
86742.000000
69946.000000
133176.000000
71942.000000
49102.000000
113626.000000
118650.000000
112978.000000
135119.000000
71053.000000
108404.000000
37287.000000
26141.000000
26137.000000
39398.000000
27041.000000
87223.000000
44590.000000
65600.000000
50051.000000
115832.000000
73153.000000
47077.000000
36158.000000
90961.000000
145142.000000
76494.000000
75685.000000
9970.000000
129101.000000
3477.000000
132724.000000
20757.000000
11627.000000
58545.000000
24154.000000
139093.000000
120728.000000
144262.000000
123060.000000
84805.000000
138215.000000
8933.000000
51936.000000
133954.000000
65107.000000
129317.000000
134878.000000
88609.000000
123469.000000
99443.000000
15987.000000
94952.000000
10964.000000
5564.000000
117678.000000
115613.000000
111512.000000
16486.000000
107004.000000
64196.000000
144585.000000
35067.000000
124086.000000
41432.000000
17803.000000
13687.000000
97696.000000
18014.000000
64769.000000
134843.000000
54133.000000
24580.000000
103410.000000
54135.000000
40120.000000
18707.000000
143938.000000
143736.000000
34546.000000
48973.000000
58638.000000
126353.000000
131520.000000
87290.000000
105333.000000
31217.000000
13734.000000
130483.000000
105203.000000
115733.000000
99514.000000
87043.000000
103405.000000
113649.000000
64494.000000
63798.000000
99639.000000
11759.000000
47476.000000
31945.000000
61653.000000
138889.000000
112310.000000
122440.000000
7093.000000
60762.000000
96303.000000
46320.000000
44995.000000
114413.000000
91550.000000
67940.000000
38536.000000
110942.000000
97023.000000
47750.000000
2371.000000
79723.000000
85143.000000
65187.000000
8279.000000
67563.000000
28740.000000
37163.000000
145046.000000
137803.000000
49463.000000
80854.000000
80458.000000
11315.000000
92719.000000
36134.000000
52518.000000
41981.000000
100649.000000
94523.000000
49587.000000
93245.000000
22718.000000
49812.000000
33796.000000
38078.000000
74601.000000
122906.000000
93755.000000
120520.000000
47422.000000
131339.000000
109756.000000
53055.000000
99693.000000
31459.000000
108096.000000
11641.000000
100123.000000
39033.000000
114816.000000
23850.000000
54918.000000
4525.000000
30091.000000
60230.000000
139447.000000
121.000000
61533.000000
24168.000000
19046.000000
13506.000000
40548.000000
44252.000000
120511.000000
51889.000000
47257.000000
142082.000000
38860.000000
73873.000000
141691.000000
2483.000000
130654.000000
98041.000000
122781.000000
61631.000000
138357.000000
44332.000000
114109.000000
8793.000000
69450.000000
17990.000000
18955.000000
58.000000
122174.000000
54678.000000
52654.000000
1499.000000
89266.000000
52325.000000
112090.000000
24639.000000
126144.000000
1548.000000
98069.000000
32203.000000
138198.000000
91757.000000
99042.000000
130078.000000
8390.000000
140335.000000
111144.000000
109170.000000
36564.000000
127308.000000
4741.000000
134931.000000
43252.000000
59988.000000
47781.000000
80365.000000
106250.000000
29513.000000
79033.000000
49213.000000
19114.000000
27530.000000
5610.000000
76847.000000
42301.000000
18276.000000
126186.000000
596.000000
100000.000000
95189.000000
126922.000000
132163.000000
62466.000000
34932.000000
136640.000000
103384.000000
115335.000000
37448.000000
103153.000000
68840.000000
1937.000000
122555.000000
128461.000000
72929.000000
15551.000000
134035.000000
54107.000000
105354.000000
9869.000000
91552.000000
136472.000000
12228.000000
40701.000000
81885.000000
137593.000000
22494.000000
136605.000000
66384.000000
115348.000000
72372.000000
113179.000000
42720.000000
16993.000000
115533.000000
20911.000000
53197.000000
129722.000000
106423.000000
22543.000000
28841.000000
97589.000000
116528.000000
73660.000000
55021.000000
112089.000000
136849.000000
4222.000000
74337.000000
54183.000000
56634.000000
123333.000000
96941.000000
142092.000000
85196.000000
43006.000000
60398.000000
14204.000000
63806.000000
15380.000000
144919.000000
115150.000000
43809.000000
25087.000000
117511.000000
66336.000000
89220.000000
18059.000000
41356.000000
94550.000000
121390.000000
126714.000000
140020.000000
38969.000000
43786.000000
45531.000000
139470.000000
14959.000000
7484.000000
138799.000000
47451.000000
131683.000000
70836.000000
56883.000000
125023.000000
119430.000000
53481.000000
23470.000000
27888.000000
6843.000000
110312.000000
74396.000000
14915.000000
99264.000000
39683.000000
6416.000000
8772.000000
118722.000000
4780.000000
63958.000000
120578.000000
73505.000000
41908.000000
73415.000000
133273.000000
120594.000000
87065.000000
82099.000000
21982.000000
46633.000000
7184.000000
6874.000000
100989.000000
69948.000000
137125.000000
104854.000000
77213.000000
142927.000000
75781.000000
145118.000000
101775.000000
65030.000000
131514.000000
128598.000000
103505.000000
133029.000000
77930.000000
31245.000000
96197.000000
128288.000000
37538.000000
55557.000000
31867.000000
37382.000000
47832.000000
39563.000000
112658.000000
47531.000000
50768.000000
86417.000000
135315.000000
80125.000000
116880.000000
33324.000000
47964.000000
88628.000000
88631.000000
44349.000000
38642.000000
103956.000000
72089.000000
62663.000000
42423.000000
34711.000000
29219.000000
100037.000000
89613.000000
80434.000000
94305.000000
121197.000000
15098.000000
4713.000000
114902.000000
134161.000000
11371.000000
120337.000000
29449.000000
36243.000000
43775.000000
11806.000000
133832.000000
130377.000000
142421.000000
48850.000000
74607.000000
31417.000000
57851.000000
50799.000000
44192.000000
45198.000000
13376.000000
63035.000000
12052.000000
98768.000000
88090.000000
110997.000000
73102.000000
19578.000000
79206.000000
10682.000000
106331.000000
110928.000000
128672.000000
26399.000000
497.000000
13771.000000
42005.000000
111487.000000
98643.000000
61214.000000
13828.000000
75436.000000
97050.000000
124805.000000
106247.000000
65459.000000
8869.000000
52133.000000
13429.000000
60369.000000
83315.000000
17986.000000
135787.000000
65792.000000
109966.000000
65409.000000
47453.000000
33949.000000
73832.000000
68831.000000
43676.000000
121319.000000
113416.000000
45474.000000
20066.000000
103749.000000
27878.000000
46044.000000
133995.000000
74116.000000
7436.000000
24741.000000
49691.000000
97841.000000
90300.000000
82781.000000
80157.000000
40585.000000
73507.000000
26079.000000
103098.000000
52570.000000
127733.000000
44157.000000
2217.000000
53330.000000
6011.000000
79351.000000
31803.000000
68736.000000
74920.000000
142941.000000
129526.000000
36573.000000
127819.000000
48107.000000
6247.000000
114302.000000
68691.000000
54275.000000
35474.000000
114504.000000
104237.000000
136530.000000
63963.000000
32701.000000
134216.000000
60123.000000
93738.000000
68888.000000
80891.000000
136592.000000
118181.000000
107860.000000
11712.000000
44218.000000
126112.000000
73139.000000
96784.000000
3999.000000
84302.000000
138963.000000
28565.000000
68604.000000
37435.000000
101157.000000
19716.000000
126676.000000
7138.000000
5167.000000
132356.000000
85106.000000
103321.000000
72656.000000
24997.000000
114512.000000
38469.000000
68951.000000
20032.000000
36725.000000
35410.000000
119881.000000
130323.000000
23144.000000
80467.000000
57569.000000
73929.000000
144232.000000
20926.000000
62072.000000
69065.000000
125192.000000
23691.000000
26378.000000
129515.000000
103979.000000
20135.000000
115834.000000
139213.000000
35873.000000
131165.000000
93838.000000
93163.000000
81186.000000
85869.000000
134813.000000
11532.000000
91424.000000
132744.000000
80223.000000
40283.000000
132429.000000
51361.000000
3924.000000
84469.000000
123620.000000
118237.000000
107885.000000
58128.000000
44041.000000
49492.000000
95940.000000
125816.000000
110192.000000
33856.000000
36502.000000
44439.000000
106614.000000
10605.000000
120456.000000
54715.000000
31566.000000
10124.000000
18118.000000
20115.000000
65756.000000
56345.000000
109197.000000
94151.000000
38064.000000
39152.000000
108390.000000
50081.000000
71297.000000
4180.000000
7970.000000
21314.000000
14919.000000
93337.000000
124573.000000
99074.000000
67164.000000
138042.000000
81704.000000
139545.000000
6186.000000
120830.000000
118006.000000
45808.000000
114449.000000
35506.000000
79321.000000
47214.000000
59298.000000
144935.000000
76519.000000
69123.000000
104121.000000
47904.000000
76946.000000
16719.000000
43990.000000
34515.000000
33085.000000
82650.000000
11503.000000
54356.000000
94.000000
92001.000000
101743.000000
53203.000000
95492.000000
37878.000000
50227.000000
132889.000000
70584.000000
111726.000000
131356.000000
83686.000000
135975.000000
62261.000000
18017.000000
129000.000000
91084.000000
64338.000000
77923.000000
115036.000000
99159.000000
140035.000000
138394.000000
106651.000000
118195.000000
51655.000000
43785.000000
137962.000000
90945.000000
129546.000000
70933.000000
84153.000000
132113.000000
66498.000000
94335.000000
81130.000000
137430.000000
50382.000000
13452.000000
44094.000000
73983.000000
7751.000000
106918.000000
107151.000000
123961.000000
107251.000000
121952.000000
96850.000000
35875.000000
42517.000000
21543.000000
120165.000000
86582.000000
41982.000000
88936.000000
102484.000000
113813.000000
121031.000000
50175.000000
129115.000000
117288.000000
41479.000000
108635.000000
91386.000000
79129.000000
139930.000000
141975.000000
3880.000000
105347.000000
100408.000000
61473.000000
126527.000000
91781.000000
134777.000000
39209.000000
49030.000000
78760.000000
128814.000000
49172.000000
26995.000000
49513.000000
144894.000000
94970.000000
81349.000000
46524.000000
53380.000000
126161.000000
106554.000000
56925.000000
102378.000000
33167.000000
99835.000000
25363.000000
45067.000000
13306.000000
83736.000000
40796.000000
72873.000000
73064.000000
19222.000000
47279.000000
105436.000000
131943.000000
133218.000000
79789.000000
133791.000000
110345.000000
134221.000000
92987.000000
137634.000000
86164.000000
58550.000000
71095.000000
54291.000000
85931.000000
27239.000000
116185.000000
56916.000000
115406.000000
126001.000000
109015.000000
72533.000000
80212.000000
2485.000000
13856.000000
92982.000000
139156.000000
4042.000000
59343.000000
136445.000000
15093.000000
15187.000000
9255.000000
57136.000000
88484.000000
43306.000000
91241.000000
79993.000000
99609.000000
102761.000000
122913.000000
47178.000000
93081.000000
21850.000000
66835.000000
91119.000000
6526.000000
39256.000000
92275.000000
13678.000000
30423.000000
101742.000000
38377.000000
130244.000000
117410.000000
136247.000000
132408.000000
13357.000000
19025.000000
63920.000000
101827.000000
122807.000000
111599.000000
111873.000000
27895.000000
132962.000000
97205.000000
117112.000000
94428.000000
129825.000000
67783.000000
24017.000000
37472.000000
74134.000000
22452.000000
60866.000000
18344.000000
70974.000000
62621.000000
127562.000000
5390.000000
61989.000000
62372.000000
139960.000000
3377.000000
45242.000000
145106.000000
134401.000000
61499.000000
85620.000000
27221.000000
90736.000000
138581.000000
25656.000000
74239.000000
106978.000000
71857.000000
7613.000000
119025.000000
110451.000000
110764.000000
124549.000000
120083.000000
112318.000000
99050.000000
106670.000000
63455.000000
76255.000000
68543.000000
46153.000000
103230.000000
54851.000000
84730.000000
91837.000000
50268.000000
34498.000000
107083.000000
126597.000000
75604.000000
48218.000000
110829.000000
22926.000000
38344.000000
95664.000000
30874.000000
95669.000000
62248.000000
100161.000000
111254.000000
7236.000000
96845.000000
2714.000000
52909.000000
122569.000000
80488.000000
13273.000000
41059.000000
27005.000000
138641.000000
68576.000000
55510.000000
14246.000000
60572.000000
45100.000000
27532.000000
71829.000000
46880.000000
90173.000000
84249.000000
105215.000000
121686.000000
120249.000000
133168.000000
96404.000000
119178.000000
57291.000000
93600.000000
133682.000000
40446.000000
13122.000000
12012.000000
91174.000000
107123.000000
58581.000000
137391.000000
14964.000000
140142.000000
117642.000000
7269.000000
39279.000000
74761.000000
68860.000000
13365.000000
8254.000000
32469.000000
88823.000000
50450.000000
132675.000000
113526.000000
115313.000000
20731.000000
137736.000000
93276.000000
123551.000000
2137.000000
30226.000000
77759.000000
39700.000000
31813.000000
130394.000000
46294.000000
77582.000000
90951.000000
102254.000000
62267.000000
118264.000000
16269.000000
52268.000000
102633.000000
60900.000000
31677.000000
108750.000000
47452.000000
129125.000000
94122.000000
137612.000000
136164.000000
7549.000000
16462.000000
129704.000000
89330.000000
24769.000000
111638.000000
64512.000000
24681.000000
117817.000000
59012.000000
66562.000000
9245.000000
80023.000000
124045.000000
23003.000000
52779.000000
66202.000000
111779.000000
44334.000000
121196.000000
130795.000000
8838.000000
86458.000000
82574.000000
42948.000000
128781.000000
32985.000000
103369.000000
124059.000000
115960.000000
113685.000000
38708.000000
68503.000000
17238.000000
137192.000000
42693.000000
7455.000000
107136.000000
77607.000000
51928.000000
112195.000000
91583.000000
30366.000000
81862.000000
102536.000000
96722.000000
98897.000000
92999.000000
13405.000000
104757.000000
97460.000000
9570.000000
100540.000000
20013.000000
119314.000000
73977.000000
88560.000000
6742.000000
118114.000000
104497.000000
121269.000000
49169.000000
103739.000000
48446.000000
17820.000000
123402.000000
141555.000000
110366.000000
25841.000000
130576.000000
13623.000000
61870.000000
111056.000000
122093.000000
50899.000000
63158.000000
105232.000000
129026.000000
95895.000000
39566.000000
140663.000000
15463.000000
138263.000000
128708.000000
106352.000000
14427.000000
63855.000000
44513.000000
89507.000000
69555.000000
76053.000000
101892.000000
77500.000000
77390.000000
95277.000000
27071.000000
40864.000000
55360.000000
31515.000000
25232.000000
56007.000000
91299.000000
89063.000000
25668.000000
141478.000000
21090.000000
38590.000000
62732.000000
66522.000000
21021.000000
34105.000000
64354.000000
97871.000000
26232.000000
41839.000000
54863.000000
18219.000000
70423.000000
122536.000000
42033.000000
5368.000000
103320.000000
64799.000000
116804.000000
69106.000000
141174.000000
33912.000000
110074.000000
15618.000000
51198.000000
94083.000000
136225.000000
76973.000000
113686.000000
14248.000000
82469.000000
58015.000000
106404.000000
34368.000000
59796.000000
99875.000000
51253.000000
14987.000000
105041.000000
4220.000000
117827.000000
57822.000000
109946.000000
64792.000000
68393.000000
41862.000000
29491.000000
99204.000000
93355.000000
8310.000000
37923.000000
127552.000000
11810.000000
38238.000000
6490.000000
27972.000000
119961.000000
94749.000000
30116.000000
134945.000000
140850.000000
131553.000000
42124.000000
84555.000000
17576.000000
120896.000000
25646.000000
116918.000000
107602.000000
74450.000000
120331.000000
34979.000000
55252.000000
68497.000000
140469.000000
83714.000000
105072.000000
47252.000000
57480.000000
50408.000000
27702.000000
92182.000000
57459.000000
112985.000000
71085.000000
92839.000000
41446.000000
68414.000000
90178.000000
66788.000000
135197.000000
69477.000000
100203.000000
72177.000000
47249.000000
14794.000000
49223.000000
94373.000000
17713.000000
53249.000000
142779.000000
43759.000000
53636.000000
125686.000000
144788.000000
116044.000000
64277.000000
116801.000000
110712.000000
75189.000000
31713.000000
11902.000000
70183.000000
32959.000000
100514.000000
132032.000000
89874.000000
49057.000000
45530.000000
18596.000000
126860.000000
27470.000000
136286.000000
90208.000000
115017.000000
87213.000000
143041.000000
18553.000000
128312.000000
100414.000000
84739.000000
108443.000000
47888.000000
19907.000000
119127.000000
101543.000000
79882.000000
42401.000000
116170.000000
66528.000000
105561.000000
101926.000000
43435.000000
31797.000000
44400.000000
23668.000000
34570.000000
659.000000
79542.000000
55760.000000
61207.000000
67446.000000
98296.000000
49651.000000
14967.000000
140007.000000
108309.000000
108247.000000
67865.000000
75391.000000
70636.000000
19724.000000
69211.000000
96183.000000
115327.000000
93159.000000
121523.000000
128999.000000
124314.000000
85676.000000
86760.000000
68139.000000
56266.000000
61750.000000
11987.000000
126906.000000
92833.000000
132762.000000
60278.000000
76165.000000
75111.000000
93777.000000
107750.000000
21702.000000
105337.000000
115700.000000
111743.000000
87180.000000
114026.000000
65101.000000
7543.000000
71164.000000
12673.000000
76582.000000
66589.000000
122306.000000
28641.000000
45397.000000
58816.000000
74089.000000
3823.000000
107049.000000
54444.000000
124306.000000
123203.000000
47999.000000
69156.000000
16973.000000
1787.000000
24903.000000
3050.000000
87708.000000
135964.000000
125006.000000
96136.000000
27620.000000
17735.000000
58663.000000
110502.000000
25681.000000
78996.000000
82595.000000
73270.000000
84518.000000
42174.000000
41650.000000
123804.000000
124511.000000
130368.000000
86986.000000
100529.000000
4975.000000
17868.000000
99156.000000
68689.000000
113650.000000
128558.000000
67253.000000
107363.000000
16197.000000
103176.000000
120964.000000
29981.000000
4113.000000
68952.000000
24512.000000
8591.000000
121201.000000
61004.000000
8688.000000
55682.000000
18647.000000
115630.000000
94905.000000
81996.000000
25265.000000
121152.000000
108847.000000
72816.000000
105415.000000
135437.000000
41094.000000
114047.000000
60023.000000
57011.000000
92757.000000
118933.000000
102051.000000
19132.000000
42081.000000
125206.000000
100647.000000
29245.000000
117948.000000
136384.000000
32036.000000
129313.000000
14592.000000
68436.000000
41670.000000
92660.000000
87134.000000
14395.000000
34323.000000
106698.000000
133057.000000
52166.000000
124099.000000
36934.000000
65269.000000
129872.000000
16057.000000
78261.000000
69270.000000
43806.000000
6553.000000
111198.000000
67937.000000
77900.000000
137661.000000
127489.000000
3419.000000
82631.000000
90477.000000
105301.000000
78019.000000
54627.000000
21497.000000
129072.000000
106914.000000
119883.000000
10762.000000
26206.000000
100112.000000
12736.000000
131546.000000
93781.000000
129736.000000
142944.000000
49506.000000
82688.000000
3470.000000
100638.000000
121930.000000
21240.000000
47384.000000
71722.000000
110089.000000
85607.000000
110880.000000
85554.000000
71349.000000
86995.000000
39115.000000
13411.000000
108225.000000
39575.000000
16580.000000
135270.000000
55567.000000
38140.000000
52416.000000
74359.000000
33621.000000
80171.000000
84762.000000
96255.000000
65569.000000
57829.000000
45455.000000
23583.000000
39255.000000
32892.000000
120028.000000
97305.000000
128169.000000
14560.000000
40857.000000
3665.000000
52613.000000
134117.000000
121612.000000
42164.000000
104878.000000
87486.000000
39884.000000
113749.000000
70469.000000
66534.000000
9982.000000
50360.000000
42754.000000
77932.000000
80224.000000
24378.000000
21568.000000
135092.000000
15934.000000
120781.000000
110718.000000
120805.000000
64826.000000
5967.000000
129330.000000
71456.000000
39198.000000
1418.000000
117249.000000
95733.000000
54455.000000
102478.000000
85999.000000
45406.000000
68623.000000
78386.000000
63838.000000
52671.000000
2544.000000
82313.000000
26526.000000
139636.000000
75849.000000
140281.000000
50377.000000
75884.000000
67798.000000
114236.000000
4562.000000
28184.000000
85636.000000
25996.000000
59129.000000
26326.000000
115858.000000
80150.000000
29778.000000
129510.000000
31007.000000
139855.000000
66083.000000
128121.000000
92454.000000
69912.000000
105591.000000
110876.000000
48131.000000
72329.000000
80180.000000
32343.000000
74777.000000
52531.000000
103907.000000
12726.000000
66905.000000
98577.000000
40369.000000
78077.000000
31193.000000
44029.000000
50154.000000
3368.000000
56230.000000
39342.000000
25383.000000
115417.000000
82362.000000
64181.000000
133907.000000
92132.000000
133910.000000
104766.000000
14856.000000
61792.000000
140484.000000
39795.000000
36370.000000
75198.000000
108550.000000
54808.000000
33.000000
33391.000000
69006.000000
121941.000000
69772.000000
112792.000000
77374.000000
10283.000000
26844.000000
58262.000000
38261.000000
117503.000000
92054.000000
61420.000000
70178.000000
128270.000000
45294.000000
75244.000000
141146.000000
58250.000000
133018.000000
94852.000000
20024.000000
58867.000000
101539.000000
89813.000000
71769.000000
10018.000000
49664.000000
82991.000000
87885.000000
43527.000000
27475.000000
1951.000000
36656.000000
15929.000000
104021.000000
102373.000000
125043.000000
127041.000000
46613.000000
60830.000000
48633.000000
17853.000000
79257.000000
26685.000000
91754.000000
132858.000000
39843.000000
140976.000000
110571.000000
74222.000000
115336.000000
125920.000000
35355.000000
44571.000000
64387.000000
82461.000000
47029.000000
62065.000000
85993.000000
56354.000000
130766.000000
39542.000000
23448.000000
113037.000000
99684.000000
21620.000000
86312.000000
21080.000000
116093.000000
44764.000000
142596.000000
133002.000000
80901.000000
219.000000
60608.000000
8417.000000
45065.000000
76446.000000
15596.000000
1597.000000
70820.000000
14883.000000
139309.000000
50717.000000
31453.000000
92083.000000
65127.000000
73594.000000
95021.000000
89295.000000
91637.000000
76622.000000
32781.000000
47688.000000
31444.000000
145057.000000
135415.000000
16135.000000
68039.000000
24258.000000
46649.000000
22556.000000
70205.000000
117804.000000
120999.000000
112255.000000
70227.000000
66293.000000
91013.000000
35640.000000
140578.000000
102972.000000
26268.000000
117809.000000
98046.000000
49766.000000
17574.000000
13805.000000
136191.000000
59953.000000
100973.000000
136250.000000
141331.000000
55990.000000
55121.000000
64261.000000
10322.000000
14187.000000
110546.000000
74822.000000
60117.000000
18026.000000
139328.000000
51670.000000
38049.000000
102951.000000
24118.000000
67913.000000
70950.000000
62699.000000
60118.000000
50578.000000
87321.000000
13874.000000
143749.000000
16461.000000
78995.000000
22261.000000
89022.000000
18454.000000
64820.000000
85972.000000
22786.000000
99803.000000
32665.000000
120683.000000
32821.000000
5026.000000
134190.000000
101958.000000
129172.000000
123660.000000
85518.000000
118991.000000
49010.000000
51101.000000
121784.000000
118564.000000
9903.000000
86162.000000
53574.000000
135152.000000
144080.000000
107012.000000
16802.000000
8314.000000
59701.000000
141549.000000
57379.000000
8246.000000
88655.000000
99723.000000
26621.000000
20429.000000
35847.000000
92441.000000
23786.000000
77202.000000
11523.000000
54890.000000
54345.000000
92815.000000
10765.000000
62074.000000
94347.000000
42692.000000
117668.000000
65342.000000
82347.000000
45062.000000
9346.000000
29825.000000
78102.000000
48412.000000
13928.000000
68350.000000
33193.000000
72962.000000
91601.000000
133512.000000
138143.000000
22392.000000
113798.000000
4718.000000
39565.000000
97263.000000
88563.000000
5096.000000
11303.000000
3124.000000
127272.000000
129215.000000
25427.000000
128459.000000
6441.000000
138882.000000
124332.000000
119418.000000
130525.000000
63324.000000
18728.000000
88062.000000
12406.000000
1622.000000
117202.000000
7977.000000
114922.000000
2341.000000
55913.000000
130440.000000
75061.000000
69176.000000
66646.000000
38510.000000
81873.000000
45767.000000
98746.000000
130783.000000
71365.000000
14368.000000
23.000000
117473.000000
19913.000000
12620.000000
65428.000000
117733.000000
19350.000000
51552.000000
142513.000000
44529.000000
119693.000000
17189.000000
52323.000000
25491.000000
113896.000000
124155.000000
39581.000000
16483.000000
85977.000000
126256.000000
57056.000000
81320.000000
66670.000000
36737.000000
53472.000000
107453.000000
102916.000000
92615.000000
7604.000000
50448.000000
69096.000000
13889.000000
130677.000000
116144.000000
34358.000000
30457.000000
16559.000000
18094.000000
138797.000000
117144.000000
71031.000000
95991.000000
74211.000000
77145.000000
38899.000000
67533.000000
127276.000000
6128.000000
117307.000000
49426.000000
106518.000000
93383.000000
98536.000000
35491.000000
88623.000000
32862.000000
61174.000000
137805.000000
119062.000000
41282.000000
12279.000000
31831.000000
85407.000000
47744.000000
97423.000000
26249.000000
46711.000000
22332.000000
34170.000000
58665.000000
117726.000000
135579.000000
53968.000000
133376.000000
35415.000000
140661.000000
100573.000000
79095.000000
119206.000000
123765.000000
42210.000000
79008.000000
39414.000000
93328.000000
78613.000000
93678.000000
60233.000000
39008.000000
1262.000000
25108.000000
39175.000000
39189.000000
124304.000000
101312.000000
79767.000000
31066.000000
55368.000000
10988.000000
27064.000000
49676.000000
5076.000000
40896.000000
106900.000000
120094.000000
135106.000000
89775.000000
92876.000000
32267.000000
45653.000000
12212.000000
130973.000000
119956.000000
142049.000000
99070.000000
36545.000000
97016.000000
87516.000000
33035.000000
58618.000000
106754.000000
88969.000000
64443.000000
89759.000000
56179.000000
100494.000000
73323.000000
22672.000000
89769.000000
55995.000000
122052.000000
48092.000000
74524.000000
22065.000000
40977.000000
45292.000000
32712.000000
17271.000000
62247.000000
6882.000000
45462.000000
107191.000000
9842.000000
96045.000000
74483.000000
115214.000000
21193.000000
22424.000000
95252.000000
122373.000000
132166.000000
13802.000000
76555.000000
130296.000000
98019.000000
143499.000000
111167.000000
29701.000000
74787.000000
95345.000000
59524.000000
28180.000000
86648.000000
49220.000000
36485.000000
37505.000000
34754.000000
80385.000000
124027.000000
124097.000000
83450.000000
46450.000000
23010.000000
143136.000000
73012.000000
86000.000000
133522.000000
91897.000000
59830.000000
52763.000000
52609.000000
45045.000000
120480.000000
10191.000000
45284.000000
17334.000000
87308.000000
100006.000000
48814.000000
110601.000000
90047.000000
104263.000000
37879.000000
118681.000000
86234.000000
53415.000000
34203.000000
143573.000000
117426.000000
55920.000000
35721.000000
118097.000000
144096.000000
101006.000000
96265.000000
3071.000000
8542.000000
139810.000000
117627.000000
131363.000000
55994.000000
116105.000000
26154.000000
26415.000000
66675.000000
128123.000000
85453.000000
54909.000000
81285.000000
4723.000000
63725.000000
43445.000000
34506.000000
50714.000000
81319.000000
90767.000000
67178.000000
120350.000000
53166.000000
36071.000000
94570.000000
36405.000000
68525.000000
90497.000000
17758.000000
140597.000000
119822.000000
18438.000000
50061.000000
90811.000000
64559.000000
29348.000000
131825.000000
50215.000000
19858.000000
11772.000000
425.000000
100255.000000
36094.000000
136873.000000
124821.000000
102430.000000
69210.000000
19951.000000
43923.000000
16567.000000
3133.000000
116040.000000
120112.000000
68807.000000
49755.000000
121372.000000
140282.000000
53577.000000
102024.000000
34893.000000
141289.000000
133481.000000
59253.000000
68826.000000
110347.000000
144353.000000
87472.000000
5342.000000
15261.000000
84966.000000
131128.000000
79986.000000
77917.000000
28243.000000
41891.000000
83665.000000
70478.000000
125116.000000
98611.000000
59929.000000
104494.000000
47609.000000
865.000000
18266.000000
118984.000000
9358.000000
136329.000000
143525.000000
25023.000000
52282.000000
47660.000000
3894.000000
115444.000000
37383.000000
15869.000000
86122.000000
65636.000000
140871.000000
144638.000000
97859.000000
74364.000000
10614.000000
60332.000000
137597.000000
142059.000000
53585.000000
39769.000000
116404.000000
134857.000000
79668.000000
15606.000000
135466.000000
114029.000000
40649.000000
81838.000000
89108.000000
1952.000000
88938.000000
1131.000000
34369.000000
113432.000000
114189.000000
33116.000000
47040.000000
28291.000000
116559.000000
62988.000000
19083.000000
141777.000000
52310.000000
89019.000000
134425.000000
32277.000000
75712.000000
113318.000000
7664.000000
21105.000000
112234.000000
127948.000000
89313.000000
59765.000000
135489.000000
135054.000000
52381.000000
115309.000000
139089.000000
105686.000000
92928.000000
137366.000000
63416.000000
57853.000000
90685.000000
127871.000000
38871.000000
118585.000000
142590.000000
23041.000000
43750.000000
101587.000000
40328.000000
77853.000000
135234.000000
24839.000000
15171.000000
134937.000000
126276.000000
47586.000000
69876.000000
140145.000000
23497.000000
114862.000000
98374.000000
129451.000000
30949.000000
47431.000000
101386.000000
27155.000000
144074.000000
43005.000000
44243.000000
24725.000000
123141.000000
89326.000000
99576.000000
125365.000000
13280.000000
102692.000000
105749.000000
59880.000000
142555.000000
82238.000000
4512.000000
50422.000000
142900.000000
90892.000000
95174.000000
65955.000000
14871.000000
144027.000000
65702.000000
138313.000000
33714.000000
118513.000000
103737.000000
120004.000000
49516.000000
55366.000000
112045.000000
69936.000000
14730.000000
110446.000000
13607.000000
11582.000000
134051.000000
40235.000000
17102.000000
45780.000000
44351.000000
30522.000000
60969.000000
42615.000000
74781.000000
128917.000000
55518.000000
133647.000000
7094.000000
70916.000000
137866.000000
109352.000000
52617.000000
129903.000000
54858.000000
141786.000000
79025.000000
86885.000000
70608.000000
40165.000000
21147.000000
6724.000000
113889.000000
85261.000000
76910.000000
121277.000000
117322.000000
130025.000000
123736.000000
142433.000000
131037.000000
2975.000000
38058.000000
73716.000000
105211.000000
47193.000000
26450.000000
137084.000000
11095.000000
136354.000000
19428.000000
112051.000000
118872.000000
63011.000000
22968.000000
46280.000000
122383.000000
54770.000000
102751.000000
42294.000000
44140.000000
132695.000000
47377.000000
16159.000000
67577.000000
17028.000000
126584.000000
92489.000000
48451.000000
61743.000000
8244.000000
139678.000000
33914.000000
55490.000000
23819.000000
91639.000000
113330.000000
127525.000000
65703.000000
102595.000000
124612.000000
75823.000000
31474.000000
118468.000000
123891.000000
47355.000000
23142.000000
99047.000000
